0.0 0.0 0.0 0.0 0.0 0.0 0.0 0.0 0.0 0.0 0.0 0.0 0.0 0.0 0.03490659 1.7802365 0.0 0.0 0.0 0.0 0.0 0.0 0.0 0.0 0.0 0.0 0.0 0.0 0.0 0.0 0.0 0.0 0.0 0.0 0.0 0.0 0.0 0.0 0.0 0.0 
0.0 0.0 0.0 0.0 0.0 0.0 0.0 0.0 0.0 0.0 0.0 0.0 0.0 0.0 -0.017453289 0.22689305 0.0 0.0 0.0 0.0 0.0 0.0 0.0 0.0 0.0 0.0 0.0 0.0 0.0 0.0 0.0 0.0 0.0 0.0 0.0 0.0 0.0 0.0 0.0 0.0 
0.0 0.0 0.0 0.0 -0.7504916 -1.90241 5.5850525 -0.08726647 0.9948386 -2.3212879 2.6354408 0.75049114 0.0 0.0 -0.017453289 0.22689305 0.0 0.0 0.0 0.0 0.0 0.0 0.0 0.0 0.0 0.0 0.0 0.0 0.0 0.0 0.0 0.0 0.0 0.0 0.0 0.0 0.0 0.0 0.0 0.0 
0.0 0.0 0.0 0.0 -0.7504916 -1.90241 11.798402 -1.4137175 0.9948386 -2.3212879 2.6354408 0.75049114 -0.017453292 1.2391844 -0.017453289 0.22689305 0.0 0.0 0.0 0.0 0.0 0.0 0.0 0.0 0.0 0.0 0.0 0.0 0.0 0.0 0.0 0.0 0.0 0.0 0.0 0.0 0.0 0.0 0.0 0.0 
0.0 0.0 0.0 0.0 -0.7504916 -1.90241 11.798402 -1.4137175 0.9948386 -2.3212879 2.6354408 0.75049114 -0.017453292 1.2391844 -0.06981316 1.029745 0.0 0.0 0.0 0.0 0.0 0.0 0.0 0.0 0.0 0.0 0.0 0.0 0.0 0.0 0.0 0.0 0.0 0.0 0.0 0.0 0.0 0.0 0.0 0.0 
0.0 0.0 0.0 0.0 -0.7504916 -1.90241 11.798402 -1.4137175 0.9948386 -2.3212879 2.6354408 0.75049114 -0.017453292 1.2391844 3.7252903E-9 0.40142614 0.0 0.0 0.0 0.0 0.0 0.0 0.0 0.0 0.0 0.0 0.0 0.0 0.0 0.0 0.0 0.0 0.0 0.0 0.0 0.0 0.0 0.0 0.0 0.0 
0.0 0.0 0.0 0.0 -0.7504916 -1.90241 11.798402 -1.4137175 0.9948386 -2.3212879 2.6354408 0.75049114 -0.017453292 1.2391844 3.7252903E-9 1.1170113 0.0 0.0 0.0 0.0 0.0 0.0 0.0 0.0 0.0 0.0 0.0 0.0 0.0 0.0 0.0 0.0 0.0 0.0 0.0 0.0 0.0 0.0 0.0 0.0 
0.0 0.0 0.0 0.0 -0.7504916 -1.90241 11.798402 -1.4137175 0.9948386 -2.3212879 2.6354408 0.75049114 -0.017453292 1.2391844 0.017453296 0.43633264 0.0 0.0 0.0 0.0 0.0 0.0 0.0 0.0 0.0 0.0 0.0 0.0 0.0 0.0 0.0 0.0 0.0 0.0 0.0 0.0 0.0 0.0 0.0 0.0 
0.0 0.0 -8.568168E-8 -0.104719825 -11.362066 -0.1745333 12.147465 -0.9773847 -0.71558434 0.052360512 2.6354408 0.75049114 -0.017453292 1.2391844 0.017453296 0.43633264 0.0 0.0 0.0 0.0 0.0 0.0 0.0 0.0 0.0 0.0 0.0 0.0 0.0 0.0 0.0 0.0 0.0 0.0 0.0 0.0 0.0 0.0 0.0 0.0 
0.0 0.0 -8.568168E-8 -0.104719825 -11.362066 -0.1745333 12.147465 -0.9773847 -0.71558434 0.052360512 2.6354408 0.75049114 -0.017453292 1.2391844 0.017453296 0.43633264 0.0 0.0 0.0 0.0 -2.181662 -0.27925268 0.3490658 0.62831867 0.0 0.0 0.0 0.0 0.0 0.0 0.0 0.0 0.0 0.0 0.0 0.0 0.0 0.0 0.0 0.0 
0.0 0.0 -8.568168E-8 -0.104719825 -11.362066 -0.1745333 12.147465 -0.9773847 -0.71558434 0.052360512 2.6354408 0.75049114 -0.017453292 1.2391844 0.017453296 0.43633264 0.0 0.0 0.0 0.0 -2.181662 -0.27925268 -5.183624 -0.34906548 0.0 0.0 0.0 0.0 0.0 0.0 0.0 0.0 0.0 0.0 0.0 0.0 0.0 0.0 0.0 0.0 
0.0 0.0 -8.568168E-8 -0.104719825 -11.362066 -0.1745333 12.147465 -0.9773847 -0.71558434 0.052360512 2.6354408 0.75049114 -0.017453292 1.2391844 0.017453296 0.43633264 0.0 0.0 0.0 0.0 -2.181662 -0.27925268 -5.2185345 0.29670632 0.0 0.0 0.0 0.0 0.0 0.0 0.0 0.0 0.0 0.0 0.0 0.0 0.0 0.0 0.0 0.0 
0.0 0.0 -8.568168E-8 -0.104719825 -11.362066 -0.1745333 12.147465 -0.9773847 -0.71558434 0.052360512 2.6354408 0.75049114 -0.017453292 1.2391844 0.017453296 0.43633264 0.0 0.0 0.0 0.0 -2.181662 -0.27925268 -5.2185345 0.29670632 -0.20944016 0.20943956 0.06981322 -0.41887894 0.0 0.0 0.0 0.0 0.0 0.0 0.0 0.0 0.0 0.0 0.0 0.0 
0.0 0.0 -8.568168E-8 -0.104719825 -11.362066 -0.1745333 12.147465 -0.9773847 -0.71558434 0.052360512 2.6354408 0.75049114 -0.017453292 1.2391844 0.017453296 0.43633264 0.0 0.0 0.0 0.0 -2.181662 -0.27925268 -5.2185345 0.29670632 -0.20944016 0.20943956 0.15707968 0.22689289 0.0 0.0 0.0 0.0 0.0 0.0 0.0 0.0 0.0 0.0 0.0 0.0 
0.0 0.0 -8.568168E-8 -0.104719825 -11.362066 -0.1745333 12.147465 -0.9773847 -0.71558434 0.052360512 2.6354408 0.75049114 -0.017453292 1.2391844 0.017453296 0.43633264 0.0 0.0 0.0 0.0 -2.181662 -0.27925268 -5.2185345 0.29670632 -0.20944016 0.20943956 0.017453348 -0.4712387 0.0 0.0 0.0 0.0 0.0 0.0 0.0 0.0 0.0 0.0 0.0 0.0 
0.0 0.0 -8.568168E-8 -0.104719825 -11.362066 -0.1745333 12.147465 -0.9773847 -0.71558434 0.052360512 2.6354408 0.75049114 -0.017453292 1.2391844 0.017453296 0.43633264 0.0 0.0 0.0 0.0 -2.181662 -0.27925268 -5.2185345 0.29670632 -0.20944016 0.20943956 0.017453348 0.087266654 0.8028516 0.017453292 0.0 0.0 0.0 0.0 0.0 0.0 0.0 0.0 0.0 0.0 
0.0 0.0 -8.568168E-8 -0.104719825 -11.362066 -0.1745333 12.147465 -0.9773847 -0.71558434 0.052360512 2.6354408 0.75049114 -0.017453292 1.2391844 0.017453296 0.43633264 0.0 0.0 0.0 0.0 -2.181662 -0.27925268 -5.2185345 0.29670632 -0.20944016 0.20943956 0.017453348 0.087266654 0.8028516 0.017453292 0.85521036 -0.78539824 0.0 0.0 0.0 0.0 0.0 0.0 0.0 0.0 
0.0 0.0 -8.568168E-8 -0.104719825 -11.362066 -0.1745333 12.147465 -0.9773847 -0.71558434 0.052360512 2.6354408 0.75049114 -0.017453292 1.2391844 0.017453296 0.43633264 0.0 0.0 0.0 0.0 -2.181662 -0.27925268 -5.2185345 0.29670632 -0.20944016 0.20943956 0.017453348 0.087266654 0.8028516 0.017453292 -0.47123995 0.05235999 0.0 0.0 0.0 0.0 0.0 0.0 0.0 0.0 
0.0 0.0 -8.568168E-8 -0.104719825 -11.362066 -0.1745333 12.147465 -0.9773847 -0.71558434 0.052360512 2.6354408 0.75049114 -0.017453292 1.2391844 0.017453296 0.43633264 0.0 0.0 0.0 0.0 -1.2217302 -0.8726649 -5.2185345 0.29670632 -0.3141602 0.22689286 0.017453348 0.087266654 0.8028516 0.017453292 -0.47123995 0.05235999 0.0 0.0 0.0 0.0 0.0 0.0 0.0 0.0 
0.0 0.0 -8.568168E-8 -0.104719825 -11.362066 -0.1745333 12.147465 -0.9773847 -0.71558434 0.052360512 2.6354408 0.75049114 -0.017453292 1.2391844 0.017453296 0.43633264 0.0 0.0 0.0 0.0 -1.2217305 -0.1745326 -5.2185345 0.29670632 -0.3141602 0.22689286 0.017453348 0.087266654 0.8028516 0.017453292 -0.47123995 0.05235999 0.0 0.0 0.0 0.0 0.0 0.0 0.0 0.0 
0.0 0.0 -8.568168E-8 -0.104719825 -11.362066 -0.1745333 12.147465 -0.9773847 -0.71558434 0.052360512 2.6354408 0.75049114 -0.017453292 1.2391844 0.017453296 0.43633264 0.0 0.0 0.0 0.0 -1.2217305 -0.1745326 -5.2185345 0.29670632 -0.3141602 0.22689286 0.017453348 0.087266654 1.5358887 -0.4712388 -0.47123995 0.05235999 0.0 0.0 0.0 0.0 0.0 0.0 0.0 0.0 
0.0 0.0 -8.568168E-8 -0.104719825 -11.362066 -0.1745333 12.147465 -0.9773847 -0.71558434 0.052360512 2.6354408 0.75049114 -0.017453292 1.2391844 0.017453296 0.43633264 0.0 0.0 0.0 0.0 -1.2217305 -0.1745326 -5.2185345 0.29670632 -0.3141602 0.22689286 0.017453348 0.087266654 0.48869005 -0.034906566 -0.47123995 0.05235999 0.0 0.0 0.0 0.0 0.0 0.0 0.0 0.0 
0.0 0.0 -1.5184371 -2.1991158 -11.362066 -0.1745333 12.147465 -0.9773847 0.47123945 -2.2514734 2.6354408 0.75049114 -0.017453292 1.2391844 0.017453296 0.43633264 0.0 0.0 0.0 0.0 -1.2217305 -0.1745326 -5.2185345 0.29670632 -0.3141602 0.22689286 0.017453348 0.087266654 0.48869005 -0.034906566 -0.47123995 0.05235999 0.0 0.0 0.0 0.0 0.0 0.0 0.0 0.0 
0.0 0.0 -1.5184371 -2.1991158 -11.362066 -0.1745333 12.147465 -0.9773847 0.47123945 -2.2514734 2.6354408 0.75049114 -0.017453292 1.2391844 -0.7330406 6.178458 0.0 0.0 0.0 0.0 -1.2217305 -0.1745326 -5.2185345 0.29670632 -0.3141602 0.22689286 0.017453348 0.087266654 0.48869005 -0.034906566 -0.47123995 0.05235999 0.0 0.0 0.0 0.0 0.0 0.0 0.0 0.0 
0.0 0.0 -1.5184371 -2.1991158 -11.362066 -0.1745333 12.147465 -0.9773847 0.47123945 -2.2514734 2.6354408 0.75049114 -0.017453292 1.2391844 -1.09956 7.120935 0.0 0.0 0.0 0.0 -1.2217305 -0.1745326 -5.2185345 0.29670632 -0.3141602 0.22689286 0.017453348 0.087266654 0.48869005 -0.034906566 -0.47123995 0.05235999 0.0 0.0 0.0 0.0 0.0 0.0 0.0 0.0 
0.0 0.0 -1.5184371 -2.1991158 -11.362066 -0.1745333 12.147465 -0.9773847 0.47123945 -2.2514734 2.6354408 0.75049114 -0.017453292 1.2391844 -0.453788 5.8293934 0.0 0.0 0.0 0.0 -1.2217305 -0.1745326 -5.2185345 0.29670632 -0.3141602 0.22689286 0.017453348 0.087266654 0.48869005 -0.034906566 -0.47123995 0.05235999 0.0 0.0 0.0 0.0 0.0 0.0 0.0 0.0 
0.0 0.0 -1.5184371 -2.1991158 -11.362066 -0.1745333 12.147465 -0.9773847 0.47123945 -2.2514734 2.6354408 0.75049114 -0.017453292 1.2391844 -0.40142816 7.330372 0.0 0.0 0.0 0.0 -1.2217305 -0.1745326 -5.2185345 0.29670632 -0.3141602 0.22689286 0.017453348 0.087266654 0.48869005 -0.034906566 -0.47123995 0.05235999 0.0 0.0 0.0 0.0 0.0 0.0 0.0 0.0 
0.0 0.0 -1.5184371 -2.1991158 -11.362066 -0.1745333 12.147465 -0.9773847 0.47123945 -2.2514734 2.6354408 0.75049114 -0.017453292 1.2391844 0.052357405 5.9341154 0.0 0.0 0.0 0.0 -1.2217305 -0.1745326 -5.2185345 0.29670632 -0.3141602 0.22689286 0.017453348 0.087266654 0.48869005 -0.034906566 -0.47123995 0.05235999 0.0 0.0 0.0 0.0 0.0 0.0 0.0 0.0 
0.0 0.0 -1.5184371 -2.1991158 -11.362066 -0.1745333 12.147465 -0.9773847 0.47123945 -2.2514734 2.6354408 0.75049114 -0.017453292 1.2391844 0.034904115 7.400186 0.0 0.0 0.0 0.0 -1.2217305 -0.1745326 -5.2185345 0.29670632 -0.3141602 0.22689286 0.017453348 0.087266654 0.48869005 -0.034906566 -0.47123995 0.05235999 0.0 0.0 0.0 0.0 0.0 0.0 0.0 0.0 
0.0 0.0 -1.5184371 -2.1991158 -11.362066 -0.1745333 12.147465 -0.9773847 0.47123945 -2.2514734 2.6354408 0.75049114 -0.017453292 1.2391844 0.43632978 6.0562887 0.0 0.0 0.0 0.0 -1.2217305 -0.1745326 -5.2185345 0.29670632 -0.3141602 0.22689286 0.017453348 0.087266654 0.48869005 -0.034906566 -0.47123995 0.05235999 0.0 0.0 0.0 0.0 0.0 0.0 0.0 0.0 
0.0 0.0 -1.5184371 -2.1991158 -11.362066 -0.1745333 12.147465 -0.9773847 0.47123945 -2.2514734 2.6354408 0.75049114 -0.017453292 1.2391844 0.55850285 7.4525476 0.0 0.0 0.0 0.0 -1.2217305 -0.1745326 -5.2185345 0.29670632 -0.3141602 0.22689286 0.017453348 0.087266654 0.48869005 -0.034906566 -0.47123995 0.05235999 0.0 0.0 0.0 0.0 0.0 0.0 0.0 0.0 
0.0 0.0 -1.5184371 -2.1991158 -11.362066 -0.1745333 12.147465 -0.9773847 0.47123945 -2.2514734 2.6354408 0.75049114 -0.017453292 1.2391844 0.95992893 6.195914 0.0 0.0 0.0 0.0 -1.2217305 -0.1745326 -5.2185345 0.29670632 -0.3141602 0.22689286 0.017453348 0.087266654 0.48869005 -0.034906566 -0.47123995 0.05235999 0.0 0.0 0.0 0.0 0.0 0.0 0.0 0.0 
0.0 0.0 -1.5184371 -2.1991158 -11.362066 -0.1745333 12.147465 -0.9773847 0.47123945 -2.2514734 2.6354408 0.75049114 -0.017453292 1.2391844 1.2566352 7.470001 0.0 0.0 0.0 0.0 -1.2217305 -0.1745326 -5.2185345 0.29670632 -0.3141602 0.22689286 0.017453348 0.087266654 0.48869005 -0.034906566 -0.47123995 0.05235999 0.0 0.0 0.0 0.0 0.0 0.0 0.0 0.0 
