0.10471985 0.31415924 0.0 0.0 0.837758 0.55850536 -0.78539824 0.17453294 1.0122917 0.34906593 0.0 0.0 0.0 0.0 0.0 0.0 0.0 0.0 0.0 0.0 0.0 0.0 0.0 0.0 0.0 0.0 0.0 0.0 0.0 0.0 0.0 0.0 0.0 0.0 0.0 0.0 0.0 0.0 0.0 0.0 
0.10471985 0.31415924 0.0 0.0 0.837758 0.55850536 -0.78539824 0.17453294 1.0122917 0.34906593 0.0 0.0 0.0 0.0 0.0 0.0 0.0 0.0 0.0 0.0 0.0 0.0 0.0 0.0 0.0 0.0 0.0 0.0 0.0 0.0 0.0 0.0 0.0 0.0 0.0 0.0 0.0 0.0 0.0 0.0 
0.10471985 0.31415924 -0.48869213 -0.523599 1.326451 0.01745346 12.234743 -1.5009841 1.0646515 0.33161265 0.0 0.0 0.0 0.0 0.0 0.0 0.0 0.0 0.0 0.0 0.0 0.0 0.0 0.0 0.0 0.0 0.0 0.0 0.0 0.0 0.0 0.0 0.0 0.0 0.0 0.0 0.0 0.0 0.0 0.0 
0.10471985 0.31415924 -0.48869213 -0.523599 0.8028516 -0.017453125 12.234743 -1.5009841 1.0646515 0.33161265 0.0 0.0 0.0 0.0 0.0 0.0 0.0 0.0 0.0 0.0 0.0 0.0 0.0 0.0 0.0 0.0 0.0 0.0 0.0 0.0 0.0 0.0 0.0 0.0 0.0 0.0 0.0 0.0 0.0 0.0 
0.10471985 0.31415924 -0.48869213 -0.523599 0.33161268 -0.08726629 12.234743 -1.5009841 1.0646515 0.33161265 0.0 0.0 0.0 0.0 0.0 0.0 0.0 0.0 0.0 0.0 0.0 0.0 0.0 0.0 0.0 0.0 0.0 0.0 0.0 0.0 0.0 0.0 0.0 0.0 0.0 0.0 0.0 0.0 0.0 0.0 
0.10471985 0.31415924 -0.68067896 -1.8849562 9.704011 6.0737286 12.2696495 -0.05236023 1.0646515 0.33161265 0.0 0.0 0.0 0.0 0.0 0.0 0.0 0.0 0.0 0.0 0.0 0.0 0.0 0.0 0.0 0.0 0.0 0.0 0.0 0.0 0.0 0.0 0.0 0.0 0.0 0.0 0.0 0.0 0.0 0.0 
0.10471985 0.31415924 -0.40142626 -2.1991148 9.704011 6.0737286 12.2696495 -0.05236023 1.0646515 0.33161265 0.0 0.0 0.0 0.0 0.0 0.0 0.0 0.0 0.0 0.0 0.0 0.0 0.0 0.0 0.0 0.0 0.0 0.0 0.0 0.0 0.0 0.0 0.0 0.0 0.0 0.0 0.0 0.0 0.0 0.0 
0.10471985 0.31415924 0.2617989 -2.2514744 9.704011 6.0737286 12.2696495 -0.05236023 1.0646515 0.33161265 0.0 0.0 0.0 0.0 0.0 0.0 0.0 0.0 0.0 0.0 0.0 0.0 0.0 0.0 0.0 0.0 0.0 0.0 0.0 0.0 0.0 0.0 0.0 0.0 0.0 0.0 0.0 0.0 0.0 0.0 
0.10471985 0.31415924 0.27925217 -0.7330372 9.546932 6.2831674 11.903132 1.2217305 1.0646515 0.33161265 0.0 0.0 0.0 0.0 0.0 0.0 0.0 0.0 0.0 0.0 0.0 0.0 0.0 0.0 0.0 0.0 0.0 0.0 0.0 0.0 0.0 0.0 0.0 0.0 0.0 0.0 0.0 0.0 0.0 0.0 
0.10471985 0.31415924 1.0821038 0.3665203 9.546932 6.2831674 11.903132 1.2217305 1.0821042 -0.6283191 0.0 0.0 0.0 0.0 0.0 0.0 0.0 0.0 0.0 0.0 0.0 0.0 0.0 0.0 0.0 0.0 0.0 0.0 0.0 0.0 0.0 0.0 0.0 0.0 0.0 0.0 0.0 0.0 0.0 0.0
0.10471985 0.31415924 1.0821038 0.3665203 9.546932 6.2831674 11.693694 1.2217305 -0.59341204 -0.6632257 2.5132732 0.593412 -0.7504906 0.6457721 -0.08726647 0.052359864 0.0 0.0 0.0 0.0 0.0 0.0 0.0 0.0 0.0 0.0 0.0 0.0 0.0 0.0 0.0 0.0 0.0 0.0 0.0 0.0 0.0 0.0 0.0 0.0 
0.10471985 0.31415924 1.0821038 0.3665203 9.546932 6.2831674 11.693694 1.2217305 -0.27925298 -1.204278 0.5235961 0.87266505 -1.0821031 0.5235989 -0.08726647 0.052359864 0.0 0.0 0.0 0.0 0.0 0.0 0.0 0.0 0.0 0.0 0.0 0.0 0.0 0.0 0.0 0.0 0.0 0.0 0.0 0.0 0.0 0.0 0.0 0.0 
0.10471985 0.31415924 1.0821038 0.3665203 9.546932 6.2831674 11.693694 1.2217305 -0.27925298 -1.204278 0.5410488 1.7104234 -0.85521007 -0.54105186 -0.08726647 0.052359864 0.0 0.0 0.0 0.0 0.0 0.0 0.0 0.0 0.0 0.0 0.0 0.0 0.0 0.0 0.0 0.0 0.0 0.0 0.0 0.0 0.0 0.0 0.0 0.0 
0.5759588 -0.13962634 1.0297439 0.349067 9.546932 6.2831674 11.693694 1.2217305 -0.5410523 -2.6529 1.2915406 0.9599299 -1.6929662 0.43633187 -0.08726647 0.052359864 0.0 0.0 0.0 0.0 0.0 0.0 0.0 0.0 0.0 0.0 0.0 0.0 0.0 0.0 0.0 0.0 0.0 0.0 0.0 0.0 0.0 0.0 0.0 0.0 
0.22689298 0.2443461 1.0297439 0.349067 9.546932 6.2831674 11.693694 1.2217305 -0.5410523 -2.6529 0.90756774 2.0071285 -1.1170052 2.2863805 -0.08726647 0.052359864 0.0 0.0 0.0 0.0 0.0 0.0 0.0 0.0 0.0 0.0 0.0 0.0 0.0 0.0 0.0 0.0 0.0 0.0 0.0 0.0 0.0 0.0 0.0 0.0 
0.12217322 0.296706 1.0297439 0.349067 9.546932 6.2831674 11.693694 1.2217305 -0.5410523 -2.6529 -0.22689682 2.8274302 -1.902404 2.9147003 -0.08726647 0.052359864 0.0 0.0 0.0 0.0 0.0 0.0 0.0 0.0 0.0 0.0 0.0 0.0 0.0 0.0 0.0 0.0 0.0 0.0 0.0 0.0 0.0 0.0 0.0 0.0 
0.12217322 0.296706 1.0297439 0.349067 9.546932 6.2831674 11.693694 1.2217305 -0.59341174 -2.6005402 -0.47124252 3.0368648 1.8500549 6.003922 -0.08726647 0.052359864 0.0 0.0 0.0 0.0 0.0 0.0 0.0 0.0 0.0 0.0 0.0 0.0 0.0 0.0 0.0 0.0 0.0 0.0 0.0 0.0 0.0 0.0 0.0 0.0 
0.12217322 0.296706 1.0297439 0.349067 9.546932 6.2831674 11.693694 1.2217305 0.5061457 0.41887826 7.470001 -1.0091811E-5 5.1312723 6.9289412 -0.08726647 0.052359864 0.0 0.0 0.0 0.0 0.0 0.0 0.0 0.0 0.0 0.0 0.0 0.0 0.0 0.0 0.0 0.0 0.0 0.0 0.0 0.0 0.0 0.0 0.0 0.0 
0.12217322 0.296706 0.34906492 -0.29670474 9.913449 5.462864 11.501709 -0.3141594 -0.069813 -0.34906667 7.6968927 0.9599212 5.2359915 6.352985 -0.08726647 0.052359864 0.0 0.0 0.0 0.0 0.0 0.0 0.0 0.0 0.0 0.0 0.0 0.0 0.0 0.0 0.0 0.0 0.0 0.0 0.0 0.0 0.0 0.0 0.0 0.0 
0.12217322 0.296706 0.27925155 -0.6283171 13.369184 5.846835 15.027277 -2.0769405 -0.069813 -0.34906667 8.674272 0.5759471 4.7647557 8.796427 -0.1047197 0.20943953 0.0 0.0 0.0 0.0 0.0 0.0 0.0 0.0 0.0 0.0 0.0 0.0 0.0 0.0 0.0 0.0 0.0 0.0 0.0 0.0 0.0 0.0 0.0 0.0 
0.12217322 0.296706 0.27925155 -0.6283171 13.369184 5.846835 15.027277 -2.0769405 -0.069813 -0.34906667 8.674272 0.5759471 4.7647557 8.796427 -0.1047197 0.20943953 0.33161256 0.15707964 0.0 0.0 0.19198623 0.19198623 0.03490659 0.017453318 0.17453294 0.10471974 0.0 -0.034906544 0.0 0.0 0.0 0.0 0.0 0.0 0.0 0.0 0.0 0.0 0.0 0.0
0.10471985 0.31415924 0.0 0.0 0.837758 0.55850536 -0.78539824 0.17453294 1.0122917 0.34906593 0.0 0.0 0.0 0.0 0.0 0.0 0.0 0.0 0.0 0.0 0.0 0.0 0.0 0.0 0.0 0.0 0.0 0.0 0.0 0.0 0.0 0.0 0.0 0.0 0.0 0.0 0.0 0.0 0.0 0.0 
0.10471985 0.31415924 0.0 0.0 0.837758 0.55850536 -0.78539824 0.17453294 1.0122917 0.34906593 0.0 0.0 0.0 0.0 0.0 0.0 0.0 0.0 0.0 0.0 0.0 0.0 0.0 0.0 0.0 0.0 0.0 0.0 0.0 0.0 0.0 0.0 0.0 0.0 0.0 0.0 0.0 0.0 0.0 0.0 
0.10471985 0.31415924 -0.48869213 -0.523599 1.326451 0.01745346 12.234743 -1.5009841 1.0646515 0.33161265 0.0 0.0 0.0 0.0 0.0 0.0 0.0 0.0 0.0 0.0 0.0 0.0 0.0 0.0 0.0 0.0 0.0 0.0 0.0 0.0 0.0 0.0 0.0 0.0 0.0 0.0 0.0 0.0 0.0 0.0 
0.10471985 0.31415924 -0.48869213 -0.523599 0.8028516 -0.017453125 12.234743 -1.5009841 1.0646515 0.33161265 0.0 0.0 0.0 0.0 0.0 0.0 0.0 0.0 0.0 0.0 0.0 0.0 0.0 0.0 0.0 0.0 0.0 0.0 0.0 0.0 0.0 0.0 0.0 0.0 0.0 0.0 0.0 0.0 0.0 0.0 
0.10471985 0.31415924 -0.48869213 -0.523599 0.33161268 -0.08726629 12.234743 -1.5009841 1.0646515 0.33161265 0.0 0.0 0.0 0.0 0.0 0.0 0.0 0.0 0.0 0.0 0.0 0.0 0.0 0.0 0.0 0.0 0.0 0.0 0.0 0.0 0.0 0.0 0.0 0.0 0.0 0.0 0.0 0.0 0.0 0.0 
0.10471985 0.31415924 -0.68067896 -1.8849562 9.704011 6.0737286 12.2696495 -0.05236023 1.0646515 0.33161265 0.0 0.0 0.0 0.0 0.0 0.0 0.0 0.0 0.0 0.0 0.0 0.0 0.0 0.0 0.0 0.0 0.0 0.0 0.0 0.0 0.0 0.0 0.0 0.0 0.0 0.0 0.0 0.0 0.0 0.0 
0.10471985 0.31415924 -0.40142626 -2.1991148 9.704011 6.0737286 12.2696495 -0.05236023 1.0646515 0.33161265 0.0 0.0 0.0 0.0 0.0 0.0 0.0 0.0 0.0 0.0 0.0 0.0 0.0 0.0 0.0 0.0 0.0 0.0 0.0 0.0 0.0 0.0 0.0 0.0 0.0 0.0 0.0 0.0 0.0 0.0 
0.10471985 0.31415924 0.2617989 -2.2514744 9.704011 6.0737286 12.2696495 -0.05236023 1.0646515 0.33161265 0.0 0.0 0.0 0.0 0.0 0.0 0.0 0.0 0.0 0.0 0.0 0.0 0.0 0.0 0.0 0.0 0.0 0.0 0.0 0.0 0.0 0.0 0.0 0.0 0.0 0.0 0.0 0.0 0.0 0.0 
0.10471985 0.31415924 0.27925217 -0.7330372 9.546932 6.2831674 11.903132 1.2217305 1.0646515 0.33161265 0.0 0.0 0.0 0.0 0.0 0.0 0.0 0.0 0.0 0.0 0.0 0.0 0.0 0.0 0.0 0.0 0.0 0.0 0.0 0.0 0.0 0.0 0.0 0.0 0.0 0.0 0.0 0.0 0.0 0.0 
0.10471985 0.31415924 1.0821038 0.3665203 9.546932 6.2831674 11.903132 1.2217305 1.0821042 -0.6283191 0.0 0.0 0.0 0.0 0.0 0.0 0.0 0.0 0.0 0.0 0.0 0.0 0.0 0.0 0.0 0.0 0.0 0.0 0.0 0.0 0.0 0.0 0.0 0.0 0.0 0.0 0.0 0.0 0.0 0.0///////////////// 
0.10471985 0.31415924 1.0821038 0.3665203 9.546932 6.2831674 11.693694 1.2217305 -0.59341204 -0.6632257 2.5132732 0.593412 -0.7504906 0.6457721 -0.08726647 0.052359864 0.0 0.0 0.0 0.0 0.0 0.0 0.0 0.0 0.0 0.0 0.0 0.0 0.0 0.0 0.0 0.0 0.0 0.0 0.0 0.0 0.0 0.0 0.0 0.0 
0.10471985 0.31415924 1.0821038 0.3665203 9.546932 6.2831674 11.693694 1.2217305 -0.27925298 -1.204278 0.5235961 0.87266505 -1.0821031 0.5235989 -0.08726647 0.052359864 0.0 0.0 0.0 0.0 0.0 0.0 0.0 0.0 0.0 0.0 0.0 0.0 0.0 0.0 0.0 0.0 0.0 0.0 0.0 0.0 0.0 0.0 0.0 0.0 
0.10471985 0.31415924 1.0821038 0.3665203 9.546932 6.2831674 11.693694 1.2217305 -0.27925298 -1.204278 0.5410488 1.7104234 -0.85521007 -0.54105186 -0.08726647 0.052359864 0.0 0.0 0.0 0.0 0.0 0.0 0.0 0.0 0.0 0.0 0.0 0.0 0.0 0.0 0.0 0.0 0.0 0.0 0.0 0.0 0.0 0.0 0.0 0.0 
0.5759588 -0.13962634 1.0297439 0.349067 9.546932 6.2831674 11.693694 1.2217305 -0.5410523 -2.6529 1.2915406 0.9599299 -1.6929662 0.43633187 -0.08726647 0.052359864 0.0 0.0 0.0 0.0 0.0 0.0 0.0 0.0 0.0 0.0 0.0 0.0 0.0 0.0 0.0 0.0 0.0 0.0 0.0 0.0 0.0 0.0 0.0 0.0 
0.22689298 0.2443461 1.0297439 0.349067 9.546932 6.2831674 11.693694 1.2217305 -0.5410523 -2.6529 0.90756774 2.0071285 -1.1170052 2.2863805 -0.08726647 0.052359864 0.0 0.0 0.0 0.0 0.0 0.0 0.0 0.0 0.0 0.0 0.0 0.0 0.0 0.0 0.0 0.0 0.0 0.0 0.0 0.0 0.0 0.0 0.0 0.0 
0.12217322 0.296706 1.0297439 0.349067 9.546932 6.2831674 11.693694 1.2217305 -0.5410523 -2.6529 -0.22689682 2.8274302 -1.902404 2.9147003 -0.08726647 0.052359864 0.0 0.0 0.0 0.0 0.0 0.0 0.0 0.0 0.0 0.0 0.0 0.0 0.0 0.0 0.0 0.0 0.0 0.0 0.0 0.0 0.0 0.0 0.0 0.0 
0.12217322 0.296706 1.0297439 0.349067 9.546932 6.2831674 11.693694 1.2217305 -0.59341174 -2.6005402 -0.47124252 3.0368648 1.8500549 6.003922 -0.08726647 0.052359864 0.0 0.0 0.0 0.0 0.0 0.0 0.0 0.0 0.0 0.0 0.0 0.0 0.0 0.0 0.0 0.0 0.0 0.0 0.0 0.0 0.0 0.0 0.0 0.0 
0.12217322 0.296706 1.0297439 0.349067 9.546932 6.2831674 11.693694 1.2217305 0.5061457 0.41887826 7.470001 -1.0091811E-5 5.1312723 6.9289412 -0.08726647 0.052359864 0.0 0.0 0.0 0.0 0.0 0.0 0.0 0.0 0.0 0.0 0.0 0.0 0.0 0.0 0.0 0.0 0.0 0.0 0.0 0.0 0.0 0.0 0.0 0.0 
0.12217322 0.296706 0.34906492 -0.29670474 9.913449 5.462864 11.501709 -0.3141594 -0.069813 -0.34906667 7.6968927 0.9599212 5.2359915 6.352985 -0.08726647 0.052359864 0.0 0.0 0.0 0.0 0.0 0.0 0.0 0.0 0.0 0.0 0.0 0.0 0.0 0.0 0.0 0.0 0.0 0.0 0.0 0.0 0.0 0.0 0.0 0.0 
0.12217322 0.296706 0.27925155 -0.6283171 13.369184 5.846835 15.027277 -2.0769405 -0.069813 -0.34906667 8.674272 0.5759471 4.7647557 8.796427 -0.1047197 0.20943953 0.0 0.0 0.0 0.0 0.0 0.0 0.0 0.0 0.0 0.0 0.0 0.0 0.0 0.0 0.0 0.0 0.0 0.0 0.0 0.0 0.0 0.0 0.0 0.0 
0.12217322 0.296706 0.27925155 -0.6283171 13.369184 5.846835 15.027277 -2.0769405 -0.069813 -0.34906667 8.674272 0.5759471 4.7647557 8.796427 -0.1047197 0.20943953 0.33161256 0.15707964 0.0 0.0 0.19198623 0.19198623 0.03490659 0.017453318 0.17453294 0.10471974 0.0 -0.034906544 0.0 0.0 0.0 0.0 0.0 0.0 0.0 0.0 0.0 0.0 0.0 0.0 
 
0.12217322 0.296706 0.27925155 -0.6283171 13.369184 5.846835 15.027277 -2.0769405 -0.069813 -0.34906667 8.674272 0.5759471 4.7647557 8.796427 -0.1047197 0.20943953 0.33161256 0.15707964 0.0 0.0 0.19198623 0.19198623 0.03490659 0.017453318 0.17453294 0.10471974 0.0 -0.034906544 0.34906584 0.1745329 -0.017453292 0.13962635 0.0 0.0 0.0 0.0 0.0 0.0 0.0 0.0 
0.12217322 0.296706 0.27925155 -0.6283171 13.369184 5.846835 15.027277 -2.0769405 -0.069813 -0.34906667 8.674272 0.5759471 4.62513 8.831333 0.052359983 0.19198623 -0.593412 0.24434613 0.0 0.0 0.19198623 0.19198623 0.03490659 0.017453318 0.17453294 0.10471974 0.0 -0.034906544 0.34906584 0.1745329 -0.06981327 0.104719765 0.0 0.0 0.0 0.0 0.0 0.0 0.0 0.0 
0.12217322 0.296706 0.27925155 -0.6283171 13.369184 5.846835 15.027277 -2.0769405 -0.069813 -0.34906667 8.674272 0.5759471 4.62513 8.831333 0.052359983 0.19198623 0.48869208 0.26179942 0.0 0.0 0.19198623 0.19198623 0.03490659 0.017453318 0.17453294 0.10471974 0.0 -0.034906544 0.34906584 0.1745329 -0.06981327 0.104719765 0.0 0.0 0.0 0.0 0.0 0.0 0.0 0.0 
0.12217322 0.296706 0.27925155 -0.6283171 13.369184 5.846835 15.027277 -2.0769405 -0.069813 -0.34906667 8.674272 0.5759471 4.62513 8.831333 0.052359983 0.19198623 -0.6806786 0.36651912 0.0 0.0 0.19198623 0.19198623 0.03490659 0.017453318 0.17453294 0.10471974 0.0 -0.034906544 0.34906584 0.1745329 -0.06981327 0.104719765 0.0 0.0 0.0 0.0 0.0 0.0 0.0 0.0 
0.12217322 0.296706 0.27925155 -0.6283171 13.369184 5.846835 15.027277 -2.0769405 -0.069813 -0.34906667 8.674272 0.5759471 4.62513 8.831333 0.052359983 0.19198623 0.41887894 0.26179942 0.0 0.0 0.19198623 0.19198623 0.03490659 0.017453318 0.17453294 0.10471974 0.0 -0.034906544 0.34906584 0.1745329 -0.06981327 0.104719765 0.0 0.0 0.0 0.0 0.0 0.0 0.0 0.0 
0.12217322 0.296706 0.27925155 -0.6283171 13.369184 5.846835 15.027277 -2.0769405 -0.069813 -0.34906667 8.674272 0.5759471 4.62513 8.831333 0.052359983 0.19198623 -0.7853985 0.2792527 0.0 0.0 0.19198623 0.19198623 0.03490659 0.017453318 0.17453294 0.10471974 0.0 -0.034906544 0.34906584 0.1745329 -0.06981327 0.104719765 0.0 0.0 0.0 0.0 0.0 0.0 0.0 0.0 
0.12217322 0.296706 0.27925155 -0.6283171 13.369184 5.846835 15.027277 -2.0769405 -0.069813 -0.34906667 8.674272 0.5759471 4.62513 8.831333 0.052359983 0.19198623 0.47123837 0.20943953 0.0 0.0 0.19198623 0.19198623 0.03490659 0.017453318 0.17453294 0.10471974 0.0 -0.034906544 0.34906584 0.1745329 -0.06981327 0.104719765 0.0 0.0 0.0 0.0 0.0 0.0 0.0 0.0 
0.12217322 0.296706 -1.1868255 -1.0995566 13.142292 6.8765764 16.755184 4.0666127 -0.19198608 -0.890119 8.674272 0.5759471 4.62513 8.831333 0.052359983 0.19198623 -0.66322565 0.052359886 0.0 0.0 0.19198623 0.19198623 0.03490659 0.017453318 0.17453294 0.10471974 0.0 -0.034906544 0.34906584 0.1745329 -0.06981327 0.104719765 0.0 0.0 0.0 0.0 0.0 0.0 0.0 0.0 
0.12217322 0.296706 -1.1170125 -2.0769413 13.299371 6.2831697 20.19354 6.387887 -0.34906498 -0.6632262 8.726631 0.6457604 4.4680524 8.185571 0.052359983 0.19198623 -0.97738504 0.052359886 0.0 0.0 0.19198623 0.19198623 0.03490659 0.017453318 0.17453294 0.10471974 0.0 -0.034906544 0.34906584 0.1745329 -0.06981327 0.104719765 0.0 0.0 0.0 0.0 0.0 0.0 0.0 0.0 
0.12217322 0.296706 -1.1170125 -2.0769413 13.299371 6.2831697 20.19354 6.387887 -0.34906498 -0.6632262 8.726631 0.6457604 4.4680524 8.185571 0.052359983 0.19198623 0.6981311 0.052359886 0.0 0.0 0.19198623 0.19198623 0.03490659 0.017453318 0.17453294 0.10471974 0.0 -0.034906544 0.34906584 0.1745329 -0.06981327 0.104719765 0.0 0.0 0.0 0.0 0.0 0.0 0.0 0.0 
0.12217322 0.296706 -1.1170125 -2.0769413 13.299371 6.2831697 20.19354 6.387887 -0.34906498 -0.6632262 8.726631 0.6457604 4.4680524 8.185571 0.052359983 0.19198623 -1.0646516 0.052359886 0.0 0.0 0.19198623 0.19198623 0.03490659 0.017453318 0.17453294 0.10471974 0.0 -0.034906544 0.34906584 0.1745329 -0.06981327 0.104719765 0.0 0.0 0.0 0.0 0.0 0.0 0.0 0.0 
0.12217322 0.296706 -1.1170125 -2.0769413 13.299371 6.2831697 20.19354 6.387887 -0.34906498 -0.6632262 8.726631 0.6457604 4.4680524 8.185571 0.052359983 0.19198623 0.7155845 0.017453304 0.0 0.0 0.19198623 0.19198623 0.03490659 0.017453318 0.17453294 0.10471974 0.0 -0.034906544 0.34906584 0.1745329 -0.06981327 0.104719765 0.0 0.0 0.0 0.0 0.0 0.0 0.0 0.0 
0.12217322 0.296706 -1.1170125 -2.0769413 13.299371 6.2831697 20.19354 6.387887 -0.34906498 -0.6632262 8.726631 0.6457604 4.4680524 8.185571 0.052359983 0.19198623 -1.0646514 0.10471976 0.0 0.0 0.19198623 0.19198623 0.03490659 0.017453318 0.17453294 0.10471974 0.0 -0.034906544 0.34906584 0.1745329 -0.06981327 0.104719765 0.0 0.0 0.0 0.0 0.0 0.0 0.0 0.0 
0.12217322 0.296706 -1.1170125 -2.0769413 13.299371 6.2831697 20.19354 6.387887 -0.34906498 -0.6632262 8.726631 0.6457604 4.4680524 8.185571 0.052359983 0.19198623 0.4712383 0.034906596 0.0 0.0 0.19198623 0.19198623 0.03490659 0.017453318 0.17453294 0.10471974 0.0 -0.034906544 0.34906584 0.1745329 -0.06981327 0.104719765 0.0 0.0 0.0 0.0 0.0 0.0 0.0 0.0 
0.12217322 0.296706 -1.1170125 -2.0769413 13.299371 6.2831697 20.19354 6.387887 -0.34906498 -0.6632262 8.726631 0.6457604 4.4680524 8.185571 0.052359983 0.19198623 -0.99483836 0.12217305 0.0 0.0 0.19198623 0.19198623 0.03490659 0.017453318 0.17453294 0.10471974 0.0 -0.034906544 0.34906584 0.1745329 -0.06981327 0.104719765 0.0 0.0 0.0 0.0 0.0 0.0 0.0 0.0 
0.12217322 0.296706 -1.1170125 -2.0769413 13.299371 6.2831697 20.19354 6.387887 -0.34906498 -0.6632262 8.726631 0.6457604 4.4680524 8.185571 0.052359983 0.19198623 0.5585047 0.052359886 0.0 0.0 0.19198623 0.19198623 0.03490659 0.017453318 0.17453294 0.10471974 0.0 -0.034906544 0.34906584 0.1745329 -0.06981327 0.104719765 0.0 0.0 0.0 0.0 0.0 0.0 0.0 0.0 
0.12217322 0.296706 0.24434423 -1.0821024 13.177198 6.579875 20.57751 5.410503 -0.47123808 -0.9948389 8.726631 0.6457604 4.4680524 8.185571 0.052359983 0.19198623 0.5585047 0.052359886 0.0 0.0 0.19198623 0.19198623 0.03490659 0.017453318 0.17453294 0.10471974 0.0 -0.034906544 0.34906584 0.1745329 -0.06981327 0.104719765 0.0 0.0 0.0 0.0 0.0 0.0 0.0 0.0 
0.12217322 0.296706 0.22689094 -0.9424759 13.177198 6.579875 20.57751 5.410503 -0.36651838 -1.2566385 8.726631 0.6457604 4.4680524 8.185571 0.052359983 0.19198623 -0.4537862 -0.034906574 0.0 0.0 0.19198623 0.19198623 0.03490659 0.017453318 0.17453294 0.10471974 0.0 -0.034906544 0.34906584 0.1745329 -0.06981327 0.104719765 0.0 0.0 0.0 0.0 0.0 0.0 0.0 0.0 
0.12217322 0.296706 0.22689094 -0.9424759 13.177198 6.579875 20.57751 5.410503 -0.36651838 -1.2566385 8.726631 0.6457604 4.4680524 8.185571 0.052359983 0.19198623 0.59341127 0.034906596 0.0 0.0 0.19198623 0.19198623 0.03490659 0.017453318 0.17453294 0.10471974 0.0 -0.034906544 0.34906584 0.1745329 -0.06981327 0.104719765 0.0 0.0 0.0 0.0 0.0 0.0 0.0 0.0 
0.12217322 0.296706 0.22689092 -1.2740889 13.177198 6.579875 20.57751 5.410503 -0.6806778 -1.3089985 8.726631 0.6457604 4.4680524 8.185571 0.052359983 0.19198623 -0.59341276 0.034906596 0.0 0.0 0.19198623 0.19198623 0.03490659 0.017453318 0.17453294 0.10471974 0.0 -0.034906544 0.34906584 0.1745329 -0.06981327 0.104719765 0.0 0.0 0.0 0.0 0.0 0.0 0.0 0.0 
0.12217322 0.296706 0.22689092 -1.2740889 13.177198 6.579875 20.57751 5.410503 -0.6806778 -1.3089985 8.726631 0.6457604 4.4680524 8.185571 0.052359983 0.19198623 0.6806778 -0.017453281 0.0 0.0 0.19198623 0.19198623 0.03490659 0.017453318 0.17453294 0.10471974 0.0 -0.034906544 0.34906584 0.1745329 -0.06981327 0.104719765 0.0 0.0 0.0 0.0 0.0 0.0 0.0 0.0 
0.12217322 0.296706 0.10471785 -0.9599292 13.177198 6.579875 20.57751 5.410503 -0.7155844 -0.87266564 8.726631 0.6457604 4.4680524 8.185571 0.052359983 0.19198623 -0.7155859 -0.017453281 0.0 0.0 0.19198623 0.19198623 0.03490659 0.017453318 0.17453294 0.10471974 0.0 -0.034906544 0.34906584 0.1745329 -0.06981327 0.104719765 0.0 0.0 0.0 0.0 0.0 0.0 0.0 0.0 
0.12217322 0.296706 0.22689089 -1.3089955 13.264464 6.510062 20.57751 5.410503 -0.8377576 -1.3788116 8.726631 0.6457604 4.4680524 8.185571 0.052359983 0.19198623 0.5934111 -0.017453281 0.0 0.0 0.19198623 0.19198623 0.03490659 0.017453318 0.17453294 0.10471974 0.0 -0.034906544 0.34906584 0.1745329 -0.06981327 0.104719765 0.0 0.0 0.0 0.0 0.0 0.0 0.0 0.0 
0.12217322 0.296706 0.12217111 -0.9424759 13.264464 6.510062 20.57751 5.410503 -0.69813114 -0.8726655 8.726631 0.6457604 4.4680524 8.185571 0.052359983 0.19198623 -0.820306 0.08726647 0.0 0.0 0.19198623 0.19198623 0.03490659 0.017453318 0.17453294 0.10471974 0.0 -0.034906544 0.34906584 0.1745329 -0.06981327 0.104719765 0.0 0.0 0.0 0.0 0.0 0.0 0.0 0.0 
0.12217322 0.296706 -1.431172 -0.31415734 13.316824 6.2657146 20.455334 5.9340982 -0.48869246 -0.122174 8.656819 0.6283073 3.8048303 8.063396 0.052359983 0.19198623 -0.820306 0.08726647 0.0 0.0 0.19198623 0.19198623 0.03490659 0.017453318 0.17453294 0.10471974 0.0 -0.034906544 0.34906584 0.1745329 -0.06981327 0.104719765 0.0 0.0 0.0 0.0 0.0 0.0 0.0 0.0 
0.12217322 0.296706 0.6632233 -0.5235968 13.316824 6.2657146 20.455334 5.9340982 0.5061452 0.20943856 8.656819 0.6283073 3.8048303 8.063396 0.38397267 0.24434613 0.6283175 -0.052359864 0.0 0.0 0.19198623 0.19198623 0.03490659 0.017453318 0.17453294 0.10471974 0.0 -0.034906544 0.34906584 0.1745329 -0.06981327 0.104719765 0.0 0.0 0.0 0.0 0.0 0.0 0.0 0.0 
0.12217322 0.296706 -0.6457737 -0.6108634 13.316824 6.2657146 20.455334 5.9340982 -0.61086535 -0.24434708 8.656819 0.6283073 3.8048303 8.063396 -0.4363318 0.26179945 -0.8552127 1.1175871E-8 0.0 0.0 0.19198623 0.19198623 0.03490659 0.017453318 0.17453294 0.10471974 0.0 -0.034906544 0.34906584 0.1745329 -0.06981327 0.104719765 0.0 0.0 0.0 0.0 0.0 0.0 0.0 0.0 
0.12217322 0.296706 -0.191988 -0.8028498 13.316824 6.2657146 20.455334 5.9340982 -0.61086535 -0.24434708 8.656819 0.6283073 3.8048303 8.063396 0.47123933 0.22689286 0.97738343 -0.017453289 0.0 0.0 0.19198623 0.19198623 0.03490659 0.017453318 0.17453294 0.10471974 0.0 -0.034906544 0.34906584 0.1745329 -0.06981327 0.104719765 0.0 0.0 0.0 0.0 0.0 0.0 0.0 0.0 
0.12217322 0.296706 -0.191988 -0.8028498 13.316824 6.2657146 20.455334 5.9340982 -0.61086535 -0.24434708 8.656819 0.6283073 3.8048303 8.063396 -0.4712384 0.34906587 -0.6981327 0.034906596 0.0 0.0 0.19198623 0.19198623 0.03490659 0.017453318 0.17453294 0.10471974 0.0 -0.034906544 0.34906584 0.1745329 -0.06981327 0.104719765 0.0 0.0 0.0 0.0 0.0 0.0 0.0 0.0 
0.12217322 0.296706 -0.191988 -0.8028498 13.316824 6.2657146 20.455334 5.9340982 -0.61086535 -0.24434708 8.656819 0.6283073 3.8048303 8.063396 0.71558535 0.3141593 0.41887817 1.1175871E-8 0.0 0.0 0.19198623 0.19198623 0.03490659 0.017453318 0.17453294 0.10471974 0.0 -0.034906544 0.34906584 0.1745329 -0.06981327 0.104719765 0.0 0.0 0.0 0.0 0.0 0.0 0.0 0.0 
0.12217322 0.296706 -0.191988 -0.8028498 13.316824 6.2657146 20.455334 5.9340982 -0.61086535 -0.24434708 8.656819 0.6283073 3.8048303 8.063396 -0.55850506 0.34906587 -0.9599324 0.052359886 0.0 0.0 0.19198623 0.19198623 0.03490659 0.017453318 0.17453294 0.10471974 0.0 -0.034906544 0.34906584 0.1745329 -0.06981327 0.104719765 0.0 0.0 0.0 0.0 0.0 0.0 0.0 0.0 
0.12217322 0.296706 0.5061437 -1.3788089 13.316824 6.2657146 20.455334 5.9340982 -0.6108654 -1.1868253 8.656819 0.6283073 3.8048303 8.063396 3.7625432E-7 0.20943956 0.12217214 -0.104719736 0.0 0.0 0.19198623 0.19198623 0.03490659 0.017453318 0.17453294 0.10471974 0.0 -0.034906544 0.34906584 0.1745329 -0.06981327 0.104719765 0.0 0.0 0.0 0.0 0.0 0.0 0.0 0.0 
0.12217322 0.296706 0.5061437 -1.3788089 13.316824 6.2657146 20.455334 5.9340982 -0.6108654 -1.1868253 8.656819 0.6283073 3.8048303 8.063396 3.7625432E-7 0.20943956 0.78539723 -0.052359864 0.0 0.0 0.19198623 0.19198623 0.03490659 0.017453318 0.17453294 0.10471974 0.0 -0.034906544 0.34906584 0.1745329 -0.06981327 0.104719765 0.0 0.0 0.0 0.0 0.0 0.0 0.0 0.0 
0.12217322 0.296706 0.5061437 -1.3788089 13.316824 6.2657146 20.455334 5.9340982 -0.6108654 -1.1868253 8.656819 0.6283073 3.8048303 8.063396 3.7625432E-7 0.20943956 -0.8377592 -0.034906574 0.0 0.0 0.19198623 0.19198623 0.03490659 0.017453318 0.17453294 0.10471974 0.0 -0.034906544 0.34906584 0.1745329 -0.06981327 0.104719765 0.0 0.0 0.0 0.0 0.0 0.0 0.0 0.0 
0.12217322 0.296706 0.5061437 -1.3788089 13.316824 6.2657146 20.455334 5.9340982 -0.6108654 -1.1868253 8.656819 0.6283073 3.8048303 8.063396 3.7625432E-7 0.20943956 0.78539705 -0.069813155 0.0 0.0 0.19198623 0.19198623 0.03490659 0.017453318 0.17453294 0.10471974 0.0 -0.034906544 0.34906584 0.1745329 -0.06981327 0.104719765 0.0 0.0 0.0 0.0 0.0 0.0 0.0 0.0 
0.12217322 0.296706 0.5061437 -1.3788089 13.316824 6.2657146 20.455334 5.9340982 -0.6108654 -1.1868253 8.656819 0.6283073 3.8048303 8.063396 3.7625432E-7 0.20943956 -0.6632264 -0.017453281 0.0 0.0 0.19198623 0.19198623 0.03490659 0.017453318 0.17453294 0.10471974 0.0 -0.034906544 0.34906584 0.1745329 -0.06981327 0.104719765 0.0 0.0 0.0 0.0 0.0 0.0 0.0 0.0 
0.12217322 0.296706 0.5061437 -1.3788089 13.316824 6.2657146 20.455334 5.9340982 -0.6108654 -1.1868253 8.656819 0.6283073 3.8048303 8.063396 3.7625432E-7 0.20943956 0.68067735 1.1175871E-8 0.0 0.0 0.19198623 0.19198623 0.03490659 0.017453318 0.17453294 0.10471974 0.0 -0.034906544 0.34906584 0.1745329 -0.06981327 0.104719765 0.0 0.0 0.0 0.0 0.0 0.0 0.0 0.0 
0.12217322 0.296706 0.5061437 -1.3788089 13.316824 6.2657146 20.455334 5.9340982 -0.6108654 -1.1868253 8.656819 0.6283073 3.8048303 8.063396 3.7625432E-7 0.20943956 -0.80285287 1.1175871E-8 0.0 0.0 0.19198623 0.19198623 0.03490659 0.017453318 0.17453294 0.10471974 0.0 -0.034906544 0.34906584 0.1745329 -0.06981327 0.104719765 0.0 0.0 0.0 0.0 0.0 0.0 0.0 0.0 
0.12217322 0.296706 0.5061437 -1.3788089 13.316824 6.2657146 20.455334 5.9340982 -0.6108654 -1.1868253 8.656819 0.6283073 3.8048303 8.063396 3.7625432E-7 0.20943956 0.52359736 0.034906596 0.0 0.0 0.19198623 0.19198623 0.03490659 0.017453318 0.17453294 0.10471974 0.0 -0.034906544 0.34906584 0.1745329 -0.06981327 0.104719765 0.0 0.0 0.0 0.0 0.0 0.0 0.0 0.0 
0.12217322 0.296706 0.5061437 -1.3788089 13.316824 6.2657146 20.455334 5.9340982 -0.6108654 -1.1868253 8.656819 0.6283073 3.8048303 8.063396 3.7625432E-7 0.20943956 -0.9075727 0.034906596 0.0 0.0 0.19198623 0.19198623 0.03490659 0.017453318 0.17453294 0.10471974 0.0 -0.034906544 0.34906584 0.1745329 -0.06981327 0.104719765 0.0 0.0 0.0 0.0 0.0 0.0 0.0 0.0 
0.12217322 0.296706 -0.9773865 -1.9024081 13.316824 6.2657146 20.455334 5.9340982 -0.6108654 -1.1868253 8.656819 0.6283073 3.8048303 8.063396 -0.052359477 0.20943956 0.45378423 0.052359886 0.0 0.0 0.19198623 0.19198623 0.03490659 0.017453318 0.17453294 0.10471974 0.0 -0.034906544 0.34906584 0.1745329 -0.06981327 0.104719765 0.0 0.0 0.0 0.0 0.0 0.0 0.0 0.0 
0.12217322 0.296706 -0.9773865 -1.9024081 13.316824 6.2657146 20.455334 5.9340982 -0.6108654 -1.1868253 8.656819 0.6283073 3.8048303 8.063396 -0.052359477 0.20943956 -0.87266606 0.06981318 0.0 0.0 0.19198623 0.19198623 0.03490659 0.017453318 0.17453294 0.10471974 0.0 -0.034906544 0.34906584 0.1745329 -0.06981327 0.104719765 0.0 0.0 0.0 0.0 0.0 0.0 0.0 0.0 
0.12217322 0.296706 -0.9773865 -1.9024081 13.316824 6.2657146 20.455334 5.9340982 -0.6108654 -1.1868253 8.656819 0.6283073 3.8048303 8.063396 -0.052359477 0.20943956 0.4537844 0.034906596 0.0 0.0 0.19198623 0.19198623 0.03490659 0.017453318 0.17453294 0.10471974 0.0 -0.034906544 0.34906584 0.1745329 -0.06981327 0.104719765 0.0 0.0 0.0 0.0 0.0 0.0 0.0 0.0 
0.12217322 0.296706 -0.9773865 -1.9024081 13.316824 6.2657146 20.455334 5.9340982 -0.6108654 -1.1868253 8.656819 0.6283073 3.8048303 8.063396 -0.052359477 0.20943956 -0.9250261 0.13962634 0.0 0.0 0.19198623 0.19198623 0.03490659 0.017453318 0.17453294 0.10471974 0.0 -0.034906544 0.34906584 0.1745329 -0.06981327 0.104719765 0.0 0.0 0.0 0.0 0.0 0.0 0.0 0.0 
0.12217322 0.296706 -0.9773865 -1.9024081 13.316824 6.2657146 20.455334 5.9340982 -0.6108654 -1.1868253 8.656819 0.6283073 3.8048303 8.063396 -0.052359477 0.20943956 0.5410508 0.12217305 0.0 0.0 0.19198623 0.19198623 0.03490659 0.017453318 0.17453294 0.10471974 0.0 -0.034906544 0.34906584 0.1745329 -0.06981327 0.104719765 0.0 0.0 0.0 0.0 0.0 0.0 0.0 0.0 
0.12217322 0.296706 -0.9773865 -1.9024081 13.316824 6.2657146 20.455334 5.9340982 -0.6108654 -1.1868253 8.656819 0.6283073 3.8048303 8.063396 -0.052359477 0.20943956 -0.802853 0.15707964 0.0 0.0 0.19198623 0.19198623 0.03490659 0.017453318 0.17453294 0.10471974 0.0 -0.034906544 0.34906584 0.1745329 -0.06981327 0.104719765 0.0 0.0 0.0 0.0 0.0 0.0 0.0 0.0 
0.12217322 0.296706 -0.9773865 -1.9024081 13.316824 6.2657146 20.455334 5.9340982 -0.6108654 -1.1868253 8.656819 0.6283073 3.8048303 8.063396 -0.052359477 0.20943956 0.5934105 0.13962634 0.0 0.0 0.19198623 0.19198623 0.03490659 0.017453318 0.17453294 0.10471974 0.0 -0.034906544 0.34906584 0.1745329 -0.06981327 0.104719765 0.0 0.0 0.0 0.0 0.0 0.0 0.0 0.0 
0.12217322 0.296706 -0.9773865 -1.9024081 13.316824 6.2657146 20.455334 5.9340982 -0.6108654 -1.1868253 8.656819 0.6283073 3.8048303 8.063396 -0.052359477 0.20943956 -0.5410535 0.22689283 0.0 0.0 0.19198623 0.19198623 0.03490659 0.017453318 0.17453294 0.10471974 0.0 -0.034906544 0.34906584 0.1745329 -0.06981327 0.104719765 0.0 0.0 0.0 0.0 0.0 0.0 0.0 0.0 
0.12217322 0.296706 -0.9773865 -1.9024081 13.316824 6.2657146 20.455334 5.9340982 -0.6108654 -1.1868253 8.656819 0.6283073 3.8048303 8.063396 -0.052359477 0.20943956 -0.5410535 0.22689283 0.0 0.0 0.19198623 0.19198623 0.03490659 0.017453318 0.17453294 0.10471974 0.0 -0.034906544 0.34906584 0.1745329 -0.06981327 0.104719765 0.0 0.0 0.0 0.0 0.0 0.0 0.0 0.0 
0.12217322 0.296706 0.43633053 -0.55850327 13.316824 6.2657146 20.821869 5.9340987 -0.3839726 0.069812045 8.656819 0.6283073 3.8048303 8.063396 -0.052359477 0.20943956 -0.19198784 0.10471976 0.0 0.0 0.19198623 0.19198623 0.03490659 0.017453318 0.17453294 0.10471974 0.0 -0.034906544 0.34906584 0.1745329 -0.06981327 0.104719765 0.0 0.0 0.0 0.0 0.0 0.0 0.0 0.0 
0.12217322 0.296706 0.43633053 -0.55850327 13.316824 6.2657146 20.821869 5.9340987 -0.3839726 0.069812045 8.656819 0.6283073 3.8048303 8.063396 -0.034906186 1.7278768 -0.19198784 0.10471976 0.0 0.0 0.19198623 0.19198623 0.03490659 0.017453318 0.17453294 0.10471974 0.0 -0.034906544 0.34906584 0.1745329 -0.06981327 0.104719765 0.0 0.0 0.0 0.0 0.0 0.0 0.0 0.0 
0.12217322 0.296706 0.43633053 -0.55850327 13.316824 6.2657146 20.821869 5.9340987 -0.3839726 0.069812045 8.656819 0.6283073 3.8048303 8.063396 -0.034906186 0.31415895 -0.19198784 0.10471976 0.0 0.0 0.19198623 0.19198623 0.03490659 0.017453318 0.17453294 0.10471974 0.0 -0.034906544 0.34906584 0.1745329 -0.06981327 0.104719765 0.0 0.0 0.0 0.0 0.0 0.0 0.0 0.0 
